0.000000000000000000e+00
0.000000000000000000e+00
3.193832639308760712e-02
4.168461522660552726e-02
5.134556262028058121e-02
6.092153728770387938e-02
7.041290794246660156e-02
7.982004329815992061e-02
8.914331206837496080e-02
9.838308296670293662e-02
1.075397247067349377e-01
1.166136060020621645e-01
1.256050955662757485e-01
1.345145621129668900e-01
1.433423743557266650e-01
1.520889010081463710e-01
1.607545107838170562e-01
1.693395723963298793e-01
1.778444545592760273e-01
1.862695259862466868e-01
1.946151553908329612e-01
2.028817114866260651e-01
2.110695629872170465e-01
2.191790786061971752e-01
2.272106270571575826e-01
2.351645770536894275e-01
2.430412973093838414e-01
2.508411565378321217e-01
2.585645234526251501e-01
2.662117667673542520e-01
2.737832551956106975e-01
2.812793574509854788e-01
2.887004422470696441e-01
2.960468782974546853e-01
3.033190343157314284e-01
3.105172790154913098e-01
3.176419811103253221e-01
3.246935093138247352e-01
3.316722323395804861e-01
3.385785189011839558e-01
3.454127377122262477e-01
3.521752574862985208e-01
3.588664469369918231e-01
3.654866747778974800e-01
3.720363097226065396e-01
3.785157204847102164e-01
3.849252757777996137e-01
3.912653443154659461e-01
3.975362948113002615e-01
4.037384959788938854e-01
4.098723165318379213e-01
4.159381251837234172e-01
4.219362906481416431e-01
4.278671816386837023e-01
4.337311668689408650e-01
4.395286150525041236e-01
4.452598949029647479e-01
4.509253751339138416e-01
4.565254244589426746e-01
4.620604115916422394e-01
4.675307052456037504e-01
4.729366741344184222e-01
4.782786869716772471e-01
4.835571124709717172e-01
4.887723193458926585e-01
4.939246763100314519e-01
4.990145520769790899e-01
5.040423153603267314e-01
5.090083348736657021e-01
5.139129793305872163e-01
5.187566174446820444e-01
5.235396179295416230e-01
5.282623494987570556e-01
5.329251808659195566e-01
5.375284807446201185e-01
5.420726178484502888e-01
5.465579608910008380e-01
5.509848785858629805e-01
5.553537396466278198e-01
5.596649127868867923e-01
5.639187667202307797e-01
5.681156701602512182e-01
5.722559918205391005e-01
5.763401004146854190e-01
5.803683646562814991e-01
5.843411532589185553e-01
5.882588349361878022e-01
5.921217784016802321e-01
5.959303523689869486e-01
5.996849255516993882e-01
6.033858666634083212e-01
6.070335444177054063e-01
6.106283275281813028e-01
6.141705847084274472e-01
6.176606846720348321e-01
6.210989961325950048e-01
6.244858878036985139e-01
6.278217283989370179e-01
6.311068866319016202e-01
6.343417312161830912e-01
6.375266308653729785e-01
6.406619542930622746e-01
6.437480702128421939e-01
6.467853473383038398e-01
6.497741543830386490e-01
6.527148600606371698e-01
6.556078330846911717e-01
6.584534421687915362e-01
6.612520560265293668e-01
6.640040433714960999e-01
6.667097729172826170e-01
6.693696133774801327e-01
6.719839334656799723e-01
6.745531018954730174e-01
6.770774873804503713e-01
6.795574586342039147e-01
6.819933843703238630e-01
6.843856333024018745e-01
6.867345741440290530e-01
6.890405756087966127e-01
6.913040064102956572e-01
6.935252352621169569e-01
6.957046308778525034e-01
6.978425619710926231e-01
6.999393972554290855e-01
7.019955054444526610e-01
7.040112552517545641e-01
7.059870153909263424e-01
7.079231545755585442e-01
7.098200415192424950e-01
7.116780449355698535e-01
7.134975335381313899e-01
7.152788760405180968e-01
7.170224411563214106e-01
7.187285975991324349e-01
7.203977140825420511e-01
7.220301593201418067e-01
7.236263020255229161e-01
7.251865109122760389e-01
7.267111546939927225e-01
7.282006020842640703e-01
7.296552217966809639e-01
7.310753825448348397e-01
7.324614530423171344e-01
7.338138020027183961e-01
7.351327981396302835e-01
7.364188101666435671e-01
7.376722067973495722e-01
7.388933567453396245e-01
7.400826287242046053e-01
7.412403914475358402e-01
7.423670136289243215e-01
7.434628639819615969e-01
7.445283112202382148e-01
7.455637240573456115e-01
7.465694712068753347e-01
7.475459213824181548e-01
7.484934432975650642e-01
7.494124056659076105e-01
7.503031772010367861e-01
7.511661266165434725e-01
7.520016226260195502e-01
7.528100339430554566e-01
7.535917292812427393e-01
7.543470773541722796e-01
7.550764468754355141e-01
7.557802065586234352e-01
7.564587251173273685e-01
7.571123712651381954e-01
7.577415137156473524e-01
7.583465211824457208e-01
7.589277623791246263e-01
7.594856060192752834e-01
7.600204208164889064e-01
7.605325754843563768e-01
7.610224387364690202e-01
7.614903792864178289e-01
7.619367658477942395e-01
7.623619671341892445e-01
7.627663518591941694e-01
7.631502887364000065e-01
7.635141464793978594e-01
7.638582938017791646e-01
7.641830994171345814e-01
7.644889320390557685e-01
7.647761603811337183e-01
7.650451531569595343e-01
7.652962790801245418e-01
7.655299068642194005e-01
7.657464052228361018e-01
7.659461428695649721e-01
7.661294885179975589e-01
7.662968108817250767e-01
7.664484786743385181e-01
7.665848606094292084e-01
7.667063254005882511e-01
7.668132417614067498e-01
7.669059784054758078e-01
7.669849040463866396e-01
7.670503873977304599e-01
7.671027971730984829e-01
7.671425020860817012e-01
7.671698708502713293e-01
7.671852721792586927e-01
7.671890747866346727e-01
7.671816473859905949e-01
7.671633586909175628e-01
7.671345774150065688e-01
7.670956722718490495e-01
7.670470119750361082e-01
7.669889652381588485e-01
7.669219007748087069e-01
7.668461872985761207e-01
7.667621935230529706e-01
7.666702881618300269e-01
7.665708399284987262e-01
7.664642175366497279e-01
7.663507896998750235e-01
7.662309251317649395e-01
7.661049925459110232e-01
7.659733606559044894e-01
7.658363981753362193e-01
7.656944738177977605e-01
7.655479562968798835e-01
7.653972143261738026e-01
7.652426166192710655e-01
7.650845318897624425e-01
7.649233288512392592e-01
7.647593762172923970e-01
7.645930427015134034e-01
7.644246970174933820e-01
7.642547078788231030e-01
7.640834439990940030e-01
7.639112740918976296e-01
7.637385668708241981e-01
7.635656910494657001e-01
7.633930153414131281e-01
7.632209084602572524e-01
7.630497391195897317e-01
7.628798760330013362e-01
7.627116879140833916e-01
7.625455434764271123e-01
7.623818114336233798e-01
7.622208604992638525e-01
7.620630593869393010e-01
7.619087768102409397e-01
7.617583814827602051e-01
7.616122421180875346e-01
7.614707274298148088e-01
7.613342061315327980e-01
7.612030469368332719e-01
7.610775518166260634e-01
7.609577557711012519e-01
7.608436270577675353e-01
7.607351339341340557e-01
7.606322446577093999e-01
7.605349274860029318e-01
7.604431506765235715e-01
7.603568824867801279e-01
7.602760911742818539e-01
7.602007449965374475e-01
7.601308122110561616e-01
7.600662610753465831e-01
7.600070598469181871e-01
7.599531767832794493e-01
7.599045801419395119e-01
7.598612381804078497e-01
7.598231191561928277e-01
7.597901913268033658e-01
7.597624229497491610e-01
7.597397822825384672e-01
7.597222375826805374e-01
7.597097571076842915e-01
7.597023091150590934e-01
7.596998618623133082e-01
7.597023836069559666e-01
7.597098426064966548e-01
7.597222071184437375e-01
7.597394454003065789e-01
7.597615257095938768e-01
7.597884163038148841e-01
7.598200854404784099e-01
7.598565013770933740e-01
7.598976323711688075e-01
7.599434466802137411e-01
7.599939125617373170e-01
7.600489982732482330e-01
7.601086720722555201e-01
7.601729022162680982e-01
7.602416569627951093e-01
7.603149045693458064e-01
7.603926132934285542e-01
7.604747513925526059e-01
7.605612871242268813e-01
7.606521887459606335e-01
7.607474245152624492e-01
7.608469626896416926e-01
7.609507715266068395e-01
7.610588192836672539e-01
7.611710742183320777e-01
7.612875045881098979e-01
7.614080786505099674e-01
7.615327646630407621e-01
7.616615308832117570e-01
7.617943455685320941e-01
7.619311769765102493e-01
7.620719933646553645e-01
7.622167629904765818e-01
7.623654541114828209e-01
7.625180349851831130e-01
7.626744738690861558e-01
7.628347390207010914e-01
7.629987986975368397e-01
7.631666211571026537e-01
7.633381746569071202e-01
7.635134274544594923e-01
7.636923478072688010e-01
7.638749039728439660e-01
7.640610642086936855e-01
7.642507967723271012e-01
7.644440699212533552e-01
7.646408519129810344e-01
7.648411110050198358e-01
7.650448154548779023e-01
7.652519335200649309e-01
7.654624334580893974e-01
7.656762835264605549e-01
7.658934519826872123e-01
7.661139070842785115e-01
7.663376170887433725e-01
7.665645502535904932e-01
7.667946748363290155e-01
7.670279590944683035e-01
7.672643712855172771e-01
7.675038796669839680e-01
7.677464524963785175e-01
7.679920580312092904e-01
7.682406645289856506e-01
7.684922402472162961e-01
7.687467534434102578e-01
7.690041723750763447e-01
7.692644652997236987e-01
7.695276004748613508e-01
7.697935461579983318e-01
7.700622706066434509e-01
7.703337420783058498e-01
7.706079288304943375e-01
7.708847991207181671e-01
7.711643212064860364e-01
7.714464633453066433e-01
7.717311937946897960e-01
7.720184808121437481e-01
7.723082926551778638e-01
7.726005975813011739e-01
7.728953638480222654e-01
7.731925597128503913e-01
7.734921534332943605e-01
7.737941132668634259e-01
7.740984074710661744e-01
7.744050043034120812e-01
7.747138720214098440e-01
7.750249788825683828e-01
7.753382931443967285e-01
7.756537830644039122e-01
7.759714169000987427e-01
7.762911629089905841e-01
7.766129893485881341e-01
7.769368644764003129e-01
7.772627565499363733e-01
7.775906338267050133e-01
7.779204645642151528e-01
7.782522170199759337e-01
7.785858594514966091e-01
7.789213601162857659e-01
7.792586872718525459e-01
7.795978091757057582e-01
7.799386940853545447e-01
7.802813102583079363e-01
7.806256259520748531e-01
7.809716094241641038e-01
7.813192289320848305e-01
7.816684527333461752e-01
7.820192490854567247e-01
7.823715862459256210e-01
7.827254324722620060e-01
7.830807560219745778e-01
7.834375251525727002e-01
7.837957081215649602e-01
7.841552731864607217e-01
7.845161886047684607e-01
7.848784226339976522e-01
7.852419435316569940e-01
7.856067195552555171e-01
7.859727189623023635e-01
7.863399100103060091e-01
7.867082609567759288e-01
7.870777400592210427e-01
7.874483155751504926e-01
7.878199557620725324e-01
7.881926288774969702e-01
7.885663031789323929e-01
7.889409469238877204e-01
7.893165283698722057e-01
7.896930157743944356e-01
7.900703773949636632e-01
7.904485814890888085e-01
7.908275963142790133e-01
7.912073901280429755e-01
7.915879311878898372e-01
7.919691877513285183e-01
7.923511280758678277e-01
7.927337204190173514e-01
7.931169330382854543e-01
7.935007341911811674e-01
7.938850921352138545e-01
7.942699751278921028e-01
7.946553514267250540e-01
7.950411892892217391e-01
7.954274569728908562e-01
7.958141227352417690e-01
7.962011548337835087e-01
7.965885215260244401e-01
7.969761910694743712e-01
7.973641317216415558e-01
7.977523117400352470e-01
7.981406993821642537e-01
7.985292629055380509e-01
7.989179705676653365e-01
7.993067906260549194e-01
7.996956913382159415e-01
8.000846409616574340e-01
8.004736077538882055e-01
8.008625599724173982e-01
8.012514658747538210e-01
8.016402937184067268e-01
8.020290117608848135e-01
8.024175882596970011e-01
8.028059914723528756e-01
8.031941896563606909e-01
8.035821510692296998e-01
8.039698439684688225e-01
8.043572366115874228e-01
8.047442972560940877e-01
8.051309941594975150e-01
8.055172955793071798e-01
8.059031697730322241e-01
8.062885849981811237e-01
8.066735095122627985e-01
8.070579115727868347e-01
8.074417594372619300e-01
8.078250213631970045e-01
8.082076656081007560e-01
8.085896604294826595e-01
8.089709740848510799e-01
8.093515748317157144e-01
8.097314309275851496e-01
8.101105106299687497e-01
8.104887821963747685e-01
8.108662138843129030e-01
8.112427739512914071e-01
8.116184306548197558e-01
8.119931522524070910e-01
8.123669070015621108e-01
8.127396631597937349e-01
8.131113889846109943e-01
8.134820527335231422e-01
8.138516226640386542e-01
8.142200670336667834e-01
8.145873540999166718e-01
8.149534521202972392e-01
8.153183293523170727e-01
8.156819540534858692e-01
8.160442944813116606e-01
8.164053188933041438e-01
8.167649955469722389e-01
8.171232926998244217e-01
8.174801786093705003e-01
8.178356215331186174e-01
8.181895897285781372e-01
8.185420514532580905e-01
8.188929749646672862e-01
8.192423285203150884e-01
8.195900803777099730e-01
8.199361987943611929e-01
8.202806520277776681e-01
8.206234083354684294e-01
8.209644359749422859e-01
8.213037032037084906e-01
8.216411782792756302e-01
8.219768294591529578e-01
8.223106250008495044e-01
8.226425331618740788e-01
8.229725221997358231e-01
8.233005603719437682e-01
8.236266159360067229e-01
8.239506571494333853e-01
8.242726522697331193e-01
8.245925695544150669e-01
8.249103772609878149e-01
8.252260436469607274e-01
8.255395369698421693e-01
8.258508319426818289e-01
8.261599291006883616e-01
8.264668354346110801e-01
8.267715579351991861e-01
8.270741035932016594e-01
8.273744793993675906e-01
8.276726923444462924e-01
8.279687494191869668e-01
8.282626576143380381e-01
8.285544239206495964e-01
8.288440553288701773e-01
8.291315588297492045e-01
8.294169414140356578e-01
8.297002100724785167e-01
8.299813717958272052e-01
8.302604335748305919e-01
8.305374024002382116e-01
8.308122852627984889e-01
8.310850891532614027e-01
8.313558210623753775e-01
8.316244879808898371e-01
8.318910968995539834e-01
8.321556548091166849e-01
8.324181687003273655e-01
8.326786455639352269e-01
8.329370923906890267e-01
8.331935161713379667e-01
8.334479238966312487e-01
8.337003225573181853e-01
8.339507191441476452e-01
8.341991206478688303e-01
8.344455340592309422e-01
8.346899663689831828e-01
8.349324245678743095e-01
8.351729156466539683e-01
8.354114465960710278e-01
8.356480244068742458e-01
8.358826560698133790e-01
8.361153485756372961e-01
8.363461089150950878e-01
8.365749440789361779e-01
8.368018610579091021e-01
8.370268668427633951e-01
8.372499684242480367e-01
8.374711727931124505e-01
8.376904869401055054e-01
8.379079178559761809e-01
8.381234725314740119e-01
8.383371579573477561e-01
8.385489811243467262e-01
8.387589490232201239e-01
8.389670686447169290e-01
8.391733469795861211e-01
8.393777910185772351e-01
8.395804077524391396e-01
8.397812041719212584e-01
8.399801872677721271e-01
8.401773640307410584e-01
8.403727414515778094e-01
8.405663265210306934e-01
8.407581262298494673e-01
8.409481475687827778e-01
8.411363975285800487e-01
8.413228830999902597e-01
8.415076112737627234e-01
8.416905890406463087e-01
8.418718233913902171e-01
8.420513213167438726e-01
8.422290898074560328e-01
8.424051358542757884e-01
8.425794664479525631e-01
8.427520885792354477e-01
8.429230092388734219e-01
8.430922354176156874e-01
8.432597741062113350e-01
8.434256322954095664e-01
8.435898169759595833e-01
8.437523351386099213e-01
8.439131937741107814e-01
8.440723998732102551e-01
8.442299604266583213e-01
8.443858824252032935e-01
8.445401728595949287e-01
8.446928387205820954e-01
8.448438869989138844e-01
8.449933246853394975e-01
8.451411587706081363e-01
8.452873962454688916e-01
8.454320441006709652e-01
8.455751093269632257e-01
8.457165989150948748e-01
8.458565198558152254e-01
8.459948791398732570e-01
8.461316837580181716e-01
8.462669407009989486e-01
8.464006569595649010e-01
8.465328395244651194e-01
8.466634953864489166e-01
8.467926315362648282e-01
8.469202549646626110e-01
8.470463726623911338e-01
8.471709916201994872e-01
8.472941188288367620e-01
8.474157612790522709e-01
8.475359259615948826e-01
8.476546198672140209e-01
8.477718499866586654e-01
8.478876233106781291e-01
8.480019468300211694e-01
8.481148275354372101e-01
8.482262724176753421e-01
8.483362884674844340e-01
8.484448826756140205e-01
8.485520620328129704e-01
8.486578335298303744e-01
8.487622041574158782e-01
8.488651809063176845e-01
8.489667707672856611e-01
8.490669807310688988e-01
8.491658177884160441e-01
8.492632889300765209e-01
8.493594011467996419e-01
8.494541614293339427e-01
8.495475767684292911e-01
8.496396541548344450e-01
8.497304005792983839e-01
8.498198230325706426e-01
8.499079285053998678e-01
8.499947239885359274e-01
8.500802164727269128e-01
8.501644129487228030e-01
8.502473204072723556e-01
8.503289458391247724e-01
8.504092962350291440e-01
8.504883785857347833e-01
8.505661998819904479e-01
8.506427671145455616e-01
8.507180872741494371e-01
8.507921673515508321e-01
8.508650143374989483e-01
8.509366352227429875e-01
8.510070369980319294e-01
8.510762266541150867e-01
8.511442111817415501e-01
8.512109975716602994e-01
8.512765928146207584e-01
8.513410039013717956e-01
8.514042378226628349e-01
8.514663015692427450e-01
8.515272021318603946e-01
8.515869465012654294e-01
8.516455416682068291e-01
8.517029946234335736e-01
8.517593123576947534e-01
8.518145018617399034e-01
8.518685701263177812e-01
8.519215241421775886e-01
8.519733709000686384e-01
8.520241173907396881e-01
8.520737706049401616e-01
8.521223375334191497e-01
8.521698251669255209e-01
8.522162404962089211e-01
8.522615905120177748e-01
8.523058822051018391e-01
8.523491225662100934e-01
8.523913185860915176e-01
8.524324772554953134e-01
8.524726055651706824e-01
8.525117105058666045e-01
8.525497990683320593e-01
8.525868782433166926e-01
8.526229550215693731e-01
8.526580363938389695e-01
8.526921293508750166e-01
8.527252408834260500e-01
8.527573779822420486e-01
8.527885476380714369e-01
8.528187568416638609e-01
8.528480125837680781e-01
8.528763218551331793e-01
8.529036916465089213e-01
8.529301289486433957e-01
8.529556407522865813e-01
8.529802340481874579e-01
8.530039158270945610e-01
8.530266930797578695e-01
8.530485727969259191e-01
8.530695619693480225e-01
8.530896675877733815e-01
8.531088966429513087e-01
8.531272561256302289e-01
8.531447530265601209e-01
8.531613943364896313e-01
8.531771870461677398e-01
8.531921381463440923e-01
8.532062546277675574e-01
8.532195434811868928e-01
8.532320116973518553e-01
8.532436662670112026e-01
8.532545141809143585e-01
8.532645624298101916e-01
8.532738180044476817e-01
8.532822878955763635e-01
8.532899790939451057e-01
8.532968985903029990e-01
8.533030533753994673e-01
8.533084504399833792e-01
8.533130967748038254e-01
8.533169993706102296e-01
8.533201652181512387e-01
8.533226013081763872e-01
8.533243146314347660e-01
8.533253121786754658e-01
8.533256009406475773e-01
8.533251879080999691e-01
8.533240800717825092e-01
8.533222844224434001e-01
8.533198079508323985e-01
8.533166576476984844e-01
8.533128405037906372e-01
8.533083635098582809e-01
8.533032336566500620e-01
8.532974579349157374e-01
8.532910433354038426e-01
8.532839968488638016e-01
8.532763254660449270e-01
8.532680361776957545e-01
8.532591359745661519e-01
8.532496318474046548e-01
8.532395307869607981e-01
8.532288397839834504e-01
8.532175658292220355e-01
8.532057159134253110e-01
8.531932970273423678e-01
8.531803161617227405e-01
8.531667803073154088e-01
8.531526964548694636e-01
8.531380715951337734e-01
8.531229127188578731e-01
8.531072268167906314e-01
8.530910208796814720e-01
8.530743018982790415e-01
8.530570768633329859e-01
8.530393527655921737e-01
8.530211365958055847e-01
8.530024353447225316e-01
8.529832560030923272e-01
8.529636055616638401e-01
8.529434910111861612e-01
8.529229193424083810e-01
8.529018975460800345e-01
8.528804326129498792e-01
8.528585315337671169e-01
8.528362012992811714e-01
8.528134489002406893e-01
8.527902813273949834e-01
8.527667055714933664e-01
8.527427286232845960e-01
8.527183574735182070e-01
8.526935991129429571e-01
8.526684605323083810e-01
8.526429487223632364e-01
8.526170706738569471e-01
8.525908333775383818e-01
8.525642438241567422e-01
8.525373090044611191e-01
8.525100359092009361e-01
8.524824315291250620e-01
8.524545028549825876e-01
8.524262568775224924e-01
8.523977005874946444e-01
8.523688409756473572e-01
8.523396850327301655e-01
8.523102397494921600e-01
8.522805121166820985e-01
8.522505091250497378e-01
8.522202377653438354e-01
8.521897050283135933e-01
8.521589179047078799e-01
8.521278833852763412e-01
8.520966084607675128e-01
8.520651001219310405e-01
8.520333653595157930e-01
8.520014111642709720e-01
8.519692445269457792e-01
8.519368724382891944e-01
8.519043018890503083e-01
8.518715398699785446e-01
8.518385933718228831e-01
8.518054693853320813e-01
8.517721749012558963e-01
8.517387169103427524e-01
8.517051024033424067e-01
8.516713383710039498e-01
8.516374318040760283e-01
8.516033896933081770e-01
8.515692190294493757e-01
8.515349268032487151e-01
8.515005200054556189e-01
8.514660056268188448e-01
8.514313906580874836e-01
8.513966820900111809e-01
8.513618869133385836e-01
8.513270121188188932e-01
8.512920646972014227e-01
8.512570516392351516e-01
8.512219799356692818e-01
8.511868565772529038e-01
8.511516885547351086e-01
8.511164828588649867e-01
8.510812464803918509e-01
8.510459864100650140e-01
8.510107096386329006e-01
8.509754231568451566e-01
8.509401339554506505e-01
8.509048490251988062e-01
8.508695753568387143e-01
8.508343199411193547e-01
8.507990897687898180e-01
8.507638918305993059e-01
8.507287331172970202e-01
8.506936206196322736e-01
8.506585613283534908e-01
8.506235622342104286e-01
8.505886303279521776e-01
8.505537726003278287e-01
8.505189960420862505e-01
8.504843076439766447e-01
8.504497143967482131e-01
8.504152232911501574e-01
8.503808413179316794e-01
8.503465754678417587e-01
8.503124327316295972e-01
8.502784201000439523e-01
8.502445445638346921e-01
8.502108131137502411e-01
8.501772327405401342e-01
8.501438104349534619e-01
8.501105531877390931e-01
8.500774679896463404e-01
8.500445618314242946e-01
8.500118417038222685e-01
8.499793145975891306e-01
8.499469875034741939e-01
8.499148674122265490e-01
8.498829613145952866e-01
8.498512762013294974e-01
8.498198190631782722e-01
8.497885968908907017e-01
8.497576166752160987e-01
8.497268854069036648e-01
8.496964100767021577e-01
8.496661976753613343e-01
8.496362551936296192e-01
8.496065896222564362e-01
8.495772079519908759e-01
8.495481171735823622e-01
8.495193242777796527e-01
8.494908362553318382e-01
8.494626600969883423e-01
8.494348027934981449e-01
8.494072713356103366e-01
8.493800727140741191e-01
8.493532139196386943e-01
8.493267019430530418e-01
8.493005437750662523e-01
8.492747464064274165e-01
8.492493168278862914e-01
8.492242620301910794e-01
8.491995890040914263e-01
8.491753047403365340e-01
8.491514162296749380e-01
8.491279304628567282e-01
8.491048544306301071e-01
8.490821951237446097e-01
8.490599595329495486e-01
8.490381546489936815e-01
8.490167874626265432e-01
8.489958649645967803e-01
8.489753941456538167e-01
8.489553819965467429e-01
8.489358355080247609e-01
8.489167616708368502e-01
8.488981674757323237e-01
8.488800599134600500e-01
8.488624459747694528e-01
8.488453326504092900e-01
8.488287269311292071e-01
8.488126358076777400e-01
8.487970662708044234e-01
8.487820253112582369e-01
8.487675199197883824e-01
8.487535570871440616e-01
8.487401438040740320e-01
8.487272870613278286e-01
8.487149938496545420e-01
8.487032711598029300e-01
8.486921259825225272e-01
8.486815653085624245e-01
8.486715961286714904e-01
8.486622254335991489e-01
8.486534602140942685e-01
8.486453074609059399e-01
8.486377741647839201e-01
8.486308673164764116e-01
8.486245939067332822e-01
8.486189609263032896e-01
8.486139753659354135e-01
8.486096442163794107e-01
8.486059744683838169e-01
8.486029731126980558e-01
8.486006471400708850e-01
8.485990035412520616e-01
8.485980493069902320e-01
8.485977914280345979e-01
8.485982368951343613e-01
8.485993926990385017e-01
8.486012658304964429e-01
8.486038632802570536e-01
8.486071920390697576e-01
8.486112590976833125e-01
8.486160714468471422e-01
8.486216360773100043e-01
8.486279599798216555e-01
8.486350501451305206e-01
8.486429135639863564e-01
8.486515572271375873e-01
8.486609881253339704e-01
8.486712132493243743e-01
8.486822395898578897e-01
8.486940741376838293e-01
8.487067238835512839e-01
8.487201958182091222e-01
8.487344969324068789e-01
8.487496342168932006e-01
8.487656146624174003e-01
8.487824452597290126e-01
8.488001329995764621e-01
8.488186848727096168e-01
8.488381078698772342e-01
8.488584089818280720e-01
8.488795951993118871e-01
8.489016735130775482e-01
8.489246509138742569e-01
8.489485343924507710e-01
8.489733309395567362e-01
8.489990475459412433e-01
8.490256912023529390e-01
8.490532688995413579e-01
8.490817876282555909e-01
8.491112543792445067e-01
8.491416761432578619e-01
8.491730599110440814e-01
8.492054126733523667e-01
8.492387414209323637e-01
8.492730531445327191e-01
8.493083548349028566e-01
8.493446534827916450e-01
8.493819560789481748e-01
8.494202696141222031e-01
8.494596010790620433e-01
8.494999574645173412e-01
8.495413457612369657e-01
8.495837729599702293e-01
8.496272460514661118e-01
8.496717720264738150e-01
8.497173578757425405e-01
8.497640105900212681e-01
8.498117371600589776e-01
8.498605445766052036e-01
8.499104398304089258e-01
8.499614299122191241e-01
8.500135218127851111e-01
8.500667225228558666e-01
8.501210390331807032e-01
8.501764783345084897e-01
8.502330474175886499e-01
8.502907532731699414e-01
8.503496028920018990e-01
8.504096032648335024e-01
8.504707613824136203e-01
8.505330842354917875e-01
8.505965788148169837e-01
8.506612521111380776e-01
8.507271111152046039e-01
8.507941628177654314e-01
8.508624142095698728e-01
8.509318722813669078e-01
8.510025440239055161e-01
8.510744364279351215e-01
8.511475564842049257e-01
8.512219111834639085e-01
8.512975075164609384e-01
8.513743524739455504e-01
8.514524530466665020e-01
8.515318162253732170e-01
8.516124490008147863e-01
8.516943583637401893e-01
